[12:40:53.664247] 1111111 torch.Size([8, 2])
[12:40:53.664910] before embed torch.Size([16, 3, 144, 256]) torch.Size([16, 2])
[12:40:53.666656] after embed torch.Size([16, 144, 1024]) torch.Size([16, 144, 3])
[12:40:53.667476] before encoder torch.Size([16, 144, 1024]) torch.Size([16, 144, 2]) torch.Size([16, 144, 3])
[12:40:53.735302] out torch.Size([8, 144, 1024])
[12:40:53.736027] out2 torch.Size([8, 144, 1024])
[12:40:53.736732] pos torch.Size([8, 144, 2])
[12:40:53.737443] pos2 torch.Size([8, 144, 2])
[12:40:53.738118] pos3d1 torch.Size([8, 144, 3])
[12:40:53.738787] pos3d2 torch.Size([8, 144, 3])
[12:40:53.797195] Error in loss computation: 'tuple' object has no attribute 'shape'
[12:40:53.799390] Skipping batch due to empty data on one or more ranks
[12:40:53.800407] Epoch: [0]  [60/62]  eta: 0:00:00  lr: 0.000000  time: 0.1719  data: 0.0001  max mem: 5371
[12:40:53.803153]   - shape1 shape: tensor([[144, 256],
        [144, 256],
        [144, 256],
        [144, 256],
        [144, 256],
        [144, 256],
        [144, 256],
        [144, 256]], device='cuda:0', dtype=torch.int32)
[12:40:53.803663] img1 shape: torch.Size([8, 3, 144, 256])
[12:40:53.804128] img2 shape: torch.Size([8, 3, 144, 256])
[12:40:53.804583] tensor([[[[ 0.5216,  0.5294,  0.5294,  ...,  0.4275,  0.4196,  0.3804],
          [ 0.5216,  0.5216,  0.5294,  ...,  0.4353,  0.4275,  0.4275],
          [ 0.5137,  0.5294,  0.5216,  ...,  0.4353,  0.4275,  0.4196],
          ...,
          [ 0.0902,  0.0902,  0.0902,  ...,  0.7333,  0.7961,  0.8039],
          [ 0.0980,  0.0824,  0.0745,  ...,  0.7490,  0.7333,  0.7333],
          [ 0.0824,  0.0667,  0.0745,  ...,  0.6235,  0.6863,  0.7020]],

         [[ 0.4118,  0.4196,  0.4275,  ...,  0.2549,  0.2471,  0.2078],
          [ 0.4118,  0.4118,  0.4196,  ...,  0.2627,  0.2549,  0.2549],
          [ 0.4039,  0.4196,  0.4118,  ...,  0.2627,  0.2627,  0.2471],
          ...,
          [-0.0902, -0.0824, -0.0745,  ...,  0.6549,  0.6941,  0.7255],
          [-0.0980, -0.0980, -0.0902,  ...,  0.6549,  0.6314,  0.6314],
          [-0.1216, -0.1216, -0.0902,  ...,  0.4196,  0.5529,  0.6000]],

         [[ 0.3255,  0.3176,  0.3098,  ...,  0.0902,  0.0824,  0.0431],
          [ 0.3098,  0.3176,  0.3176,  ...,  0.0980,  0.0902,  0.0902],
          [ 0.3020,  0.3098,  0.3098,  ...,  0.0980,  0.0980,  0.0824],
          ...,
          [-0.2314, -0.2314, -0.2235,  ...,  0.5843,  0.6157,  0.6706],
          [-0.2392, -0.2392, -0.2314,  ...,  0.5765,  0.5451,  0.5529],
          [-0.2549, -0.2471, -0.2235,  ...,  0.2941,  0.4588,  0.5373]]],


        [[[-0.2235, -0.2392, -0.2314,  ..., -0.7255, -0.7255, -0.7412],
          [-0.2235, -0.2314, -0.2314,  ..., -0.7647, -0.7647, -0.7569],
          [-0.2078, -0.2235, -0.2314,  ..., -0.7725, -0.7804, -0.7804],
          ...,
          [-0.5451, -0.3412, -0.2627,  ..., -0.1059, -0.1765, -0.2000],
          [-0.6235, -0.5843, -0.3255,  ..., -0.1216, -0.1765, -0.1843],
          [-0.6235, -0.6706, -0.6000,  ..., -0.1216, -0.1529, -0.1686]],

         [[-0.2784, -0.2784, -0.2706,  ..., -0.7569, -0.7490, -0.7725],
          [-0.2863, -0.2863, -0.2784,  ..., -0.7961, -0.7882, -0.7882],
          [-0.2627, -0.2784, -0.2784,  ..., -0.8039, -0.8039, -0.8039],
          ...,
          [-0.4902, -0.3255, -0.2706,  ..., -0.1373, -0.2000, -0.2157],
          [-0.5294, -0.5216, -0.3098,  ..., -0.1529, -0.2000, -0.1922],
          [-0.5216, -0.5843, -0.5529,  ..., -0.1451, -0.1843, -0.1765]],

         [[-0.3098, -0.3098, -0.2941,  ..., -0.7961, -0.7882, -0.7961],
          [-0.3020, -0.2941, -0.2863,  ..., -0.8275, -0.8196, -0.8118],
          [-0.2706, -0.2706, -0.2784,  ..., -0.8196, -0.8196, -0.8275],
          ...,
          [-0.5922, -0.3725, -0.2471,  ..., -0.1922, -0.2863, -0.2941],
          [-0.7020, -0.6471, -0.3647,  ..., -0.2235, -0.2863, -0.2784],
          [-0.7098, -0.7490, -0.6471,  ..., -0.2157, -0.2706, -0.2627]]],


        [[[-0.0196, -0.0196,  0.0196,  ..., -0.1922, -0.1765, -0.1451],
          [-0.1216, -0.0980, -0.0667,  ..., -0.1686, -0.1686, -0.1451],
          [-0.1529, -0.1294, -0.1294,  ..., -0.1686, -0.1686, -0.1451],
          ...,
          [-0.0588, -0.1216, -0.1686,  ..., -0.5294, -0.5216, -0.5216],
          [-0.1451, -0.0980, -0.0824,  ..., -0.5294, -0.4980, -0.4980],
          [ 0.0118,  0.0196, -0.0118,  ..., -0.4824, -0.4824, -0.5216]],

         [[-0.3804, -0.3725, -0.3176,  ..., -0.4667, -0.4510, -0.4196],
          [-0.4824, -0.4510, -0.4118,  ..., -0.4667, -0.4667, -0.4588],
          [-0.4980, -0.4745, -0.4902,  ..., -0.4824, -0.4824, -0.4745],
          ...,
          [-0.4353, -0.4745, -0.4902,  ..., -0.7882, -0.7804, -0.7961],
          [-0.4980, -0.4824, -0.4745,  ..., -0.8039, -0.7804, -0.7804],
          [-0.3882, -0.3961, -0.4275,  ..., -0.7882, -0.7804, -0.7961]],

         [[-0.6784, -0.6941, -0.6627,  ..., -0.7176, -0.7255, -0.7020],
          [-0.7647, -0.7490, -0.7176,  ..., -0.7098, -0.7255, -0.7255],
          [-0.7804, -0.7569, -0.7647,  ..., -0.7176, -0.7255, -0.7255],
          ...,
          [-0.7255, -0.7490, -0.7569,  ..., -0.8824, -0.8824, -0.8902],
          [-0.7569, -0.7569, -0.7725,  ..., -0.9059, -0.8745, -0.8667],
          [-0.7020, -0.7098, -0.7333,  ..., -0.8902, -0.8667, -0.8667]]],


        ...,


        [[[ 0.5059,  0.5059,  0.5059,  ...,  0.4353,  0.4353,  0.4118],
          [ 0.5137,  0.5137,  0.5216,  ...,  0.4196,  0.4196,  0.4353],
          [ 0.5216,  0.5137,  0.5137,  ...,  0.4196,  0.4196,  0.4275],
          ...,
          [ 0.2627,  0.2471,  0.1608,  ...,  0.1922,  0.0980,  0.0431],
          [ 0.2627,  0.2078,  0.2157,  ...,  0.1059,  0.1608,  0.0431],
          [ 0.1922,  0.2157,  0.2471,  ...,  0.1059,  0.0588,  0.1373]],

         [[ 0.4980,  0.4980,  0.4902,  ...,  0.4275,  0.4275,  0.4039],
          [ 0.4902,  0.4902,  0.4902,  ...,  0.4118,  0.4118,  0.4275],
          [ 0.4980,  0.4902,  0.4902,  ...,  0.4118,  0.4118,  0.4196],
          ...,
          [ 0.2000,  0.1686,  0.0980,  ...,  0.1373,  0.0510, -0.0039],
          [ 0.1922,  0.1216,  0.1529,  ...,  0.0431,  0.1059, -0.0039],
          [ 0.1294,  0.1294,  0.1843,  ...,  0.0353,  0.0039,  0.1059]],

         [[ 0.4667,  0.4667,  0.4588,  ...,  0.3961,  0.3961,  0.3725],
          [ 0.4510,  0.4588,  0.4667,  ...,  0.3882,  0.3804,  0.3961],
          [ 0.4588,  0.4510,  0.4588,  ...,  0.3882,  0.3804,  0.3882],
          ...,
          [ 0.0980,  0.0745,  0.0039,  ...,  0.0588, -0.0353, -0.0980],
          [ 0.0902,  0.0275,  0.0588,  ..., -0.0353,  0.0275, -0.0824],
          [ 0.0275,  0.0353,  0.0824,  ..., -0.0353, -0.0745,  0.0196]]],


        [[[ 0.2941,  0.3255,  0.3176,  ...,  0.2000,  0.2000,  0.1922],
          [ 0.3098,  0.3255,  0.3255,  ...,  0.1922,  0.1765,  0.1765],
          [ 0.3176,  0.3255,  0.3255,  ...,  0.2000,  0.1922,  0.1922],
          ...,
          [ 0.0980,  0.1059,  0.1373,  ...,  0.8196,  0.7647,  0.7490],
          [ 0.1216,  0.1137,  0.0980,  ...,  0.7804,  0.8196,  0.7961],
          [ 0.0824,  0.0745,  0.0745,  ...,  0.7725,  0.7569,  0.8039]],

         [[ 0.1137,  0.1451,  0.1373,  ...,  0.0667,  0.0667,  0.0588],
          [ 0.1373,  0.1451,  0.1373,  ...,  0.0588,  0.0431,  0.0431],
          [ 0.1373,  0.1373,  0.1373,  ...,  0.0667,  0.0588,  0.0588],
          ...,
          [-0.0588, -0.0588, -0.0196,  ...,  0.5059,  0.4745,  0.4667],
          [-0.0196, -0.0353, -0.0588,  ...,  0.4196,  0.4980,  0.5137],
          [-0.0353, -0.0588, -0.0667,  ...,  0.3725,  0.4039,  0.4902]],

         [[-0.1137, -0.1137, -0.1373,  ..., -0.0980, -0.0902, -0.0980],
          [-0.1137, -0.1216, -0.1294,  ..., -0.0980, -0.1059, -0.0980],
          [-0.1294, -0.1216, -0.1216,  ..., -0.0902, -0.0824, -0.0745],
          ...,
          [-0.2471, -0.2392, -0.2078,  ..., -0.1922, -0.1294, -0.0824],
          [-0.2000, -0.2000, -0.2392,  ..., -0.3020, -0.1765, -0.0980],
          [-0.1922, -0.2235, -0.2392,  ..., -0.3804, -0.3255, -0.1529]]],


        [[[ 0.9686,  0.9529,  0.9608,  ...,  1.0000,  1.0000,  1.0000],
          [ 0.9686,  0.9529,  0.9608,  ...,  0.9922,  1.0000,  1.0000],
          [ 0.9608,  0.9608,  0.9608,  ...,  0.9922,  1.0000,  1.0000],
          ...,
          [ 0.8431,  0.8510,  0.8588,  ...,  0.5608,  0.5686,  0.5686],
          [ 0.8431,  0.8510,  0.8510,  ...,  0.5686,  0.5686,  0.5765],
          [ 0.8353,  0.8588,  0.8510,  ...,  0.5765,  0.5686,  0.5608]],

         [[ 0.8118,  0.8118,  0.8275,  ...,  1.0000,  1.0000,  1.0000],
          [ 0.8118,  0.8118,  0.8196,  ...,  1.0000,  1.0000,  1.0000],
          [ 0.8196,  0.8196,  0.8118,  ...,  1.0000,  1.0000,  1.0000],
          ...,
          [ 0.6000,  0.5922,  0.6157,  ...,  0.2000,  0.2157,  0.2000],
          [ 0.5843,  0.5765,  0.6078,  ...,  0.2078,  0.2078,  0.2078],
          [ 0.6000,  0.5843,  0.5922,  ...,  0.2157,  0.2157,  0.2000]],

         [[ 0.4118,  0.4196,  0.4275,  ...,  0.9843,  0.9765,  0.9686],
          [ 0.4196,  0.4196,  0.4275,  ...,  0.9608,  0.9765,  0.9843],
          [ 0.4196,  0.4196,  0.4196,  ...,  0.9608,  0.9765,  0.9843],
          ...,
          [ 0.1529,  0.1686,  0.1765,  ..., -0.2863, -0.2941, -0.2784],
          [ 0.1608,  0.1529,  0.1765,  ..., -0.2784, -0.2863, -0.2549],
          [ 0.1843,  0.1686,  0.1686,  ..., -0.2706, -0.2706, -0.2314]]]],
       device='cuda:0')
[12:40:53.819232] tensor([[[[ 0.5294,  0.5294,  0.5373,  ...,  0.4353,  0.4353,  0.4118],
          [ 0.4980,  0.5137,  0.5294,  ...,  0.4510,  0.4510,  0.4353],
          [ 0.4667,  0.4980,  0.5137,  ...,  0.4510,  0.4510,  0.4353],
          ...,
          [ 0.1216,  0.1137,  0.1059,  ...,  0.7333,  0.7412,  0.7725],
          [ 0.1216,  0.1059,  0.0980,  ...,  0.6784,  0.7333,  0.7412],
          [ 0.0902,  0.0980,  0.0902,  ...,  0.5686,  0.6157,  0.7255]],

         [[ 0.4118,  0.4353,  0.4431,  ...,  0.2784,  0.2706,  0.2471],
          [ 0.4118,  0.4275,  0.4275,  ...,  0.2863,  0.2784,  0.2706],
          [ 0.3882,  0.4118,  0.4118,  ...,  0.2784,  0.2784,  0.2627],
          ...,
          [-0.0824, -0.0824, -0.0745,  ...,  0.6392,  0.6549,  0.7098],
          [-0.0824, -0.0980, -0.0902,  ...,  0.5686,  0.6549,  0.6392],
          [-0.1059, -0.1137, -0.1059,  ...,  0.2471,  0.4196,  0.5922]],

         [[ 0.3333,  0.3412,  0.3255,  ...,  0.0980,  0.1059,  0.0824],
          [ 0.3176,  0.3255,  0.3176,  ...,  0.1059,  0.1137,  0.1059],
          [ 0.2941,  0.3098,  0.3020,  ...,  0.0980,  0.1059,  0.0980],
          ...,
          [-0.2314, -0.2235, -0.2078,  ...,  0.5686,  0.5922,  0.6392],
          [-0.2235, -0.2235, -0.2235,  ...,  0.4902,  0.5765,  0.5686],
          [-0.2392, -0.2392, -0.2392,  ...,  0.0745,  0.3098,  0.5059]]],


        [[[-0.2157, -0.2235, -0.2235,  ..., -0.7647, -0.7412, -0.7961],
          [-0.2157, -0.2157, -0.2157,  ..., -0.7647, -0.7725, -0.7804],
          [-0.2078, -0.2078, -0.2078,  ..., -0.7725, -0.7804, -0.7725],
          ...,
          [-0.4902, -0.3176, -0.2941,  ..., -0.1137, -0.1216, -0.1529],
          [-0.6000, -0.4902, -0.3098,  ..., -0.1059, -0.1373, -0.1294],
          [-0.6235, -0.6392, -0.4824,  ..., -0.1137, -0.1373, -0.1294]],

         [[-0.2471, -0.2549, -0.2549,  ..., -0.8039, -0.7725, -0.8196],
          [-0.2471, -0.2471, -0.2549,  ..., -0.7961, -0.8039, -0.8039],
          [-0.2471, -0.2549, -0.2471,  ..., -0.8039, -0.8118, -0.7882],
          ...,
          [-0.4510, -0.3098, -0.3098,  ..., -0.1843, -0.1373, -0.1686],
          [-0.5137, -0.4353, -0.2941,  ..., -0.1373, -0.1608, -0.1686],
          [-0.4980, -0.5608, -0.4588,  ..., -0.1137, -0.1529, -0.1529]],

         [[-0.2549, -0.2706, -0.2863,  ..., -0.8275, -0.7961, -0.8431],
          [-0.2549, -0.2627, -0.2784,  ..., -0.8196, -0.8275, -0.8275],
          [-0.2471, -0.2549, -0.2627,  ..., -0.8118, -0.8196, -0.8039],
          ...,
          [-0.5294, -0.3412, -0.2784,  ..., -0.2392, -0.2314, -0.2471],
          [-0.6706, -0.5294, -0.3255,  ..., -0.2235, -0.2549, -0.2549],
          [-0.6941, -0.7020, -0.5137,  ..., -0.2078, -0.2549, -0.2549]]],


        [[[-0.0039,  0.0118, -0.0431,  ..., -0.1843, -0.1922, -0.2000],
          [-0.1373, -0.0824, -0.0275,  ..., -0.1686, -0.1843, -0.1843],
          [-0.1529, -0.1529, -0.1216,  ..., -0.1843, -0.1843, -0.1686],
          ...,
          [-0.0980, -0.1529, -0.1608,  ..., -0.5137, -0.4980, -0.5059],
          [-0.0431, -0.0118, -0.0118,  ..., -0.5059, -0.4902, -0.5137],
          [ 0.0667,  0.0980,  0.0431,  ..., -0.4824, -0.4902, -0.5451]],

         [[-0.3412, -0.3333, -0.3804,  ..., -0.4667, -0.4667, -0.4667],
          [-0.4824, -0.4275, -0.3725,  ..., -0.4745, -0.4824, -0.4745],
          [-0.4980, -0.4980, -0.4824,  ..., -0.4824, -0.4902, -0.4824],
          ...,
          [-0.4667, -0.4902, -0.5059,  ..., -0.7804, -0.7725, -0.7882],
          [-0.4353, -0.4196, -0.4118,  ..., -0.7882, -0.7725, -0.7882],
          [-0.3569, -0.3725, -0.3882,  ..., -0.7725, -0.7725, -0.8118]],

         [[-0.6627, -0.6549, -0.7176,  ..., -0.7176, -0.7176, -0.7255],
          [-0.7725, -0.7176, -0.6784,  ..., -0.7176, -0.7255, -0.7176],
          [-0.7804, -0.7804, -0.7569,  ..., -0.7255, -0.7333, -0.7255],
          ...,
          [-0.7490, -0.7725, -0.7725,  ..., -0.8667, -0.8902, -0.8980],
          [-0.7333, -0.7176, -0.7255,  ..., -0.8902, -0.8902, -0.8824],
          [-0.7098, -0.7098, -0.7176,  ..., -0.8667, -0.8824, -0.8902]]],


        ...,


        [[[ 0.4902,  0.5137,  0.5137,  ...,  0.4275,  0.4275,  0.4118],
          [ 0.5059,  0.5216,  0.5137,  ...,  0.4275,  0.4196,  0.4275],
          [ 0.5059,  0.5137,  0.5059,  ...,  0.4353,  0.4196,  0.4275],
          ...,
          [ 0.2706,  0.2471,  0.1608,  ...,  0.2000,  0.1137,  0.0588],
          [ 0.2706,  0.2078,  0.2157,  ...,  0.1137,  0.1922,  0.0745],
          [ 0.1843,  0.1843,  0.2471,  ...,  0.1137,  0.0667,  0.1451]],

         [[ 0.4824,  0.5059,  0.5059,  ...,  0.4196,  0.4196,  0.4039],
          [ 0.4745,  0.4902,  0.4980,  ...,  0.4196,  0.4118,  0.4196],
          [ 0.4824,  0.4824,  0.4745,  ...,  0.4275,  0.4118,  0.4196],
          ...,
          [ 0.1922,  0.1843,  0.0980,  ...,  0.1373,  0.0510, -0.0118],
          [ 0.2000,  0.1294,  0.1373,  ...,  0.0431,  0.1216,  0.0196],
          [ 0.1294,  0.1216,  0.1608,  ...,  0.0431,  0.0118,  0.1059]],

         [[ 0.4667,  0.4667,  0.4667,  ...,  0.4039,  0.4039,  0.3882],
          [ 0.4588,  0.4588,  0.4588,  ...,  0.4039,  0.3961,  0.4039],
          [ 0.4510,  0.4588,  0.4510,  ...,  0.4118,  0.3961,  0.4039],
          ...,
          [ 0.0902,  0.0824,  0.0118,  ...,  0.0667, -0.0275, -0.0824],
          [ 0.0980,  0.0431,  0.0588,  ..., -0.0353,  0.0431, -0.0745],
          [ 0.0353,  0.0353,  0.0824,  ..., -0.0196, -0.0588,  0.0275]]],


        [[[ 0.2941,  0.2863,  0.3020,  ...,  0.2235,  0.2235,  0.2078],
          [ 0.3020,  0.3098,  0.3098,  ...,  0.2157,  0.2235,  0.2314],
          [ 0.3176,  0.3098,  0.3098,  ...,  0.2157,  0.2157,  0.2235],
          ...,
          [ 0.2863,  0.2157,  0.1137,  ...,  0.6941,  0.6392,  0.7020],
          [ 0.1059,  0.0431,  0.0745,  ...,  0.7961,  0.7098,  0.6863],
          [ 0.0588,  0.0980,  0.0824,  ...,  0.7804,  0.8118,  0.7569]],

         [[ 0.1137,  0.1059,  0.1216,  ...,  0.0824,  0.0902,  0.0745],
          [ 0.1216,  0.1294,  0.1216,  ...,  0.0745,  0.0667,  0.0745],
          [ 0.1373,  0.1294,  0.1294,  ...,  0.0745,  0.0667,  0.0667],
          ...,
          [ 0.1451,  0.0824, -0.0275,  ...,  0.3255,  0.2941,  0.3490],
          [-0.0431, -0.1059, -0.0824,  ...,  0.4196,  0.3647,  0.3490],
          [-0.0824, -0.0588, -0.0745,  ...,  0.3961,  0.4588,  0.4196]],

         [[-0.1294, -0.1451, -0.1373,  ..., -0.0902, -0.0902, -0.1216],
          [-0.1294, -0.1373, -0.1451,  ..., -0.0980, -0.0980, -0.1137],
          [-0.1373, -0.1373, -0.1373,  ..., -0.1059, -0.1059, -0.1059],
          ...,
          [-0.0196, -0.0980, -0.2157,  ..., -0.2863, -0.3020, -0.2235],
          [-0.2392, -0.3020, -0.2706,  ..., -0.2863, -0.3098, -0.2549],
          [-0.2863, -0.2471, -0.2627,  ..., -0.3569, -0.2627, -0.2000]]],


        [[[ 0.9529,  0.9529,  0.9608,  ...,  1.0000,  0.9922,  0.9843],
          [ 0.9529,  0.9529,  0.9608,  ...,  1.0000,  0.9922,  1.0000],
          [ 0.9608,  0.9608,  0.9686,  ...,  1.0000,  0.9922,  1.0000],
          ...,
          [ 0.8431,  0.8431,  0.8431,  ...,  0.5608,  0.5686,  0.5765],
          [ 0.8353,  0.8510,  0.8431,  ...,  0.5686,  0.5686,  0.5765],
          [ 0.8353,  0.8510,  0.8431,  ...,  0.5765,  0.5686,  0.5451]],

         [[ 0.8196,  0.8196,  0.8275,  ...,  1.0000,  1.0000,  1.0000],
          [ 0.8196,  0.8196,  0.8275,  ...,  1.0000,  0.9922,  0.9922],
          [ 0.8118,  0.8118,  0.8118,  ...,  1.0000,  0.9922,  0.9922],
          ...,
          [ 0.5922,  0.5765,  0.6000,  ...,  0.2078,  0.2078,  0.2157],
          [ 0.5922,  0.5843,  0.5922,  ...,  0.2000,  0.2078,  0.2235],
          [ 0.6078,  0.5922,  0.5843,  ...,  0.1922,  0.2078,  0.2000]],

         [[ 0.4196,  0.4118,  0.4196,  ...,  1.0000,  0.9765,  0.9922],
          [ 0.4118,  0.4118,  0.4196,  ...,  1.0000,  0.9765,  0.9922],
          [ 0.4118,  0.4039,  0.4118,  ...,  1.0000,  0.9843,  0.9765],
          ...,
          [ 0.1686,  0.1451,  0.1765,  ..., -0.2627, -0.2784, -0.2706],
          [ 0.1608,  0.1451,  0.1608,  ..., -0.2706, -0.2784, -0.2471],
          [ 0.1843,  0.1451,  0.1529,  ..., -0.2863, -0.2784, -0.2549]]]],
       device='cuda:0')
[12:40:53.833671] 1111111 torch.Size([8, 2])
[12:40:53.834372] before embed torch.Size([16, 3, 144, 256]) torch.Size([16, 2])
[12:40:53.836183] after embed torch.Size([16, 144, 1024]) torch.Size([16, 144, 3])
[12:40:53.837170] before encoder torch.Size([16, 144, 1024]) torch.Size([16, 144, 2]) torch.Size([16, 144, 3])
[12:40:53.904905] out torch.Size([8, 144, 1024])
[12:40:53.905667] out2 torch.Size([8, 144, 1024])
[12:40:53.906338] pos torch.Size([8, 144, 2])
[12:40:53.907010] pos2 torch.Size([8, 144, 2])
[12:40:53.907689] pos3d1 torch.Size([8, 144, 3])
[12:40:53.908354] pos3d2 torch.Size([8, 144, 3])

1111111 torch.Size([8, 2, 2])
[13:58:24.132620] In po dataset, views1 image shape: torch.Size([2, 3, 144, 256])
[13:58:24.132691] In po dataset, views2 image shape: torch.Size([2, 3, 144, 256])
[13:58:24.132858] before embed torch.Size([16, 2, 3, 144, 256]) torch.Size([16, 2, 2])
[13:58:24.133734] Error in loss computation: too many values to unpack (expected 4)
[13:58:24.134401] Skipping batch due to empty data on one or more ranks
[13:58:24.137035] In po dataset, views1 image shape: torch.Size([2, 3, 144, 256])
[13:58:24.137135] In po dataset, views2 image shape: torch.Size([2, 3, 144, 256])
[13:58:24.138333] img1 shape: torch.Size([8, 2, 3, 144, 256])
[13:58:24.138881] img2 shape: torch.Size([8, 2, 3, 144, 256])
[13:58:24.140207]   - shape1 shape: tensor([[[144, 256],
         [144, 256]],

        [[144, 256],
         [144, 256]],

        [[144, 256],
         [144, 256]],

        [[144, 256],
         [144, 256]],

        [[144, 256],
         [144, 256]],

        [[144, 256],
         [144, 256]],

        [[144, 256],
         [144, 256]],

        [[144, 256],
         [144, 256]]], device='cuda:0', dtype=torch.int32)
[13:58:24.140650] img1 shape: torch.Size([8, 2, 3, 144, 256])
[13:58:24.141216] In po dataset, views1 image shape: torch.Size([2, 3, 144, 256])
[13:58:24.141336] In po dataset, views2 image shape: torch.Size([2, 3, 144, 256])
[13:58:24.141357] img2 shape: torch.Size([8, 2, 3, 144, 256])
[13:58:24.141741] [13:58:24.152272] In po dataset, views1 image shape: torch.Size([2, 3, 144, 256])
[13:58:24.152383] In po dataset, views2 image shape: torch.Size([2, 3, 144, 256])
[13:58:24.169355] In po dataset, views1 image shape: torch.Size([2, 3, 144, 256])
[13:58:24.169446] In po dataset, views2 image shape: torch.Size([2, 3, 144, 256])

1111111 torch.Size([16, 2])
[14:11:28.695046] before embed torch.Size([32, 3, 144, 256]) torch.Size([32, 2])
[14:11:28.697202] after embed torch.Size([32, 144, 1024]) torch.Size([32, 144, 3])
[14:11:28.698082] before encoder torch.Size([32, 144, 1024]) torch.Size([32, 144, 2]) torch.Size([32, 144, 3])
[14:11:28.815935] out torch.Size([16, 144, 1024])
[14:11:28.816861] out2 torch.Size([16, 144, 1024])
[14:11:28.817556] pos torch.Size([16, 144, 2])
[14:11:28.818247] pos2 torch.Size([16, 144, 2])
[14:11:28.818928] pos3d1 torch.Size([16, 144, 3])
[14:11:28.819605] pos3d2 torch.Size([16, 144, 3])
[14:11:28.901491] Error in loss computation: 'tuple' object has no attribute 'shape'
[14:11:28.903925] Skipping batch due to empty data on one or more ranks
[14:11:28.908724] img1 shape: torch.Size([8, 2, 3, 144, 256])
[14:11:28.909306] img2 shape: torch.Size([8, 2, 3, 144, 256])
[14:11:28.909734] Reshaped img1 shape: torch.Size([16, 3, 144, 256])
[14:11:28.910148] Reshaped img2 shape: torch.Size([16, 3, 144, 256])

Error in loss computation: too many values to unpack (expected 4)
